[120  16  17  16 240  15 240   0 255   0 239   0 255  15 240  15 254  14
 255  15 241   0 240   0  14  17  31 240  14 224  15 255 239 255   0 255
 241 239   0  15  16 224  15 224  15 255   0  15  17   0 240  15 255  15
 240 255 255 239 240 240 255  31 240 240 255 240   1  16 254   0 255  17
 240 240 240 254  31 240 239 239   0 255  16 241 240  15 255 240 254  31
  15 255   0 254  17 255 240 255 241 240  31 255 240  17 240 255   0  16
 224 255   0 254  31 239  15   0  15  17   1 240  31 240   0 240  15  15
 240 240 255 240 240   0 240  15 239][136  15  14  15   0  15 240  15 241 255 224  15 255  16 240   0 224   0
 255  15 240  14 240   1  15  14  15   0  16 241  15 240   0 255  15 241
  14 224  15 240  16  31   0 254  15 240   1  14  14 239   0   0 255  31
 254 238 239  15 240 255 240  15  31 240 255 240  15  15 240   1 255  14
 255   0 240 240 225 240 224 239 239 255  16 255 255  15  31 255 240 240
  15 254   1 241  14 255   0 255 240 255 239 240 240  31 240 240   0 255
 255 255  16 240  30  16   0   1 224  14  15   0  31 254   0 240 225  15
 240 240 240 255 225  15 255  15 240][135 225 224  30 255   0 255  15 240 225 240  14 254  16 255   0  16   0
 255  15 254 240 240  15  15 224   0 240 255 255  15 238  15 240 255 240
  15  16  15 240 239  31   0 225 240 240  15  15 224 254 240   0 255 255
 255  15 239  15 240   0 254   0 224 254 255 255  15 240 255  15 255 224
 255 240 240 255  31 255 239 239  17 240 239 254 255  15 224 255 254 241
 240 241  15 255 224 255 240 240 255  31 239 255 240 255 255 254   0 239
 240 240  15 255  15 240   0  15 240 224   0 255  31 240  15  31  31 240
 240 240 240  16 224  15 240  15 239][135 240 255 239 240  15 255 240 240  15 241   0 240 240 240  15 224   0
 255   0 240  15  15 240 255 255   0 240 255 255   0 224  31 240 254 240
   1  16   0 240  14  15   0 239  15 255 240   0 255  14 240   0 240 240
 240 239 240  14 240  15 255  15  31  31 255  30  31  15 255 240 241 255
 255 240 255 255  15 255 255 240  15  31  16 240 255  15 240 255 255 255
  15 255 240 255 255 240 239 240 255  31 224 240 254 254 255 240   0  16
 239 240   0 241  15  15   0 240 240 255  15 255  31 240   0  31 224 240
 255 240 255  15 240  15 240  15 240][135  16 240 254 255  15 239 240 240  17 240 239 255 240 255 240  16  15
 240   0 225  15  15  15  16 240  15 255 240 241  15  17 254 240  16 240
  15  16   0 255   1 240  17 240  15   0  15  15 240   0 239 224 240 240
 240 240 240  15 240  15 224 239  15 255 240 241 240  15 240  15 241 240
  16 238 240 240  17 240 254 240 239  31 224 240 239  16 239 255 240 240
  15 255  15 255 240 240 240 240 240 240 239 255 255 240 255 254   0 240
   0 240   0 240  15  15   0  15 255 240   0 240   0 240 254  16 224  15
 255 240 240   0 239  15 255   0 255][120  31   0 255 255  15 240 239 239   0 240 238 240   0 240  31 224  15
 240   0 239  15 239  31   1   0  30 240  15 240  15  31 254 255 240 240
  15  31  15 255  16 255 240 255  15  15  31  31   0  14  31  15 255 255
 240  31 255 240 255 241 255 255  31 255 240 241 255  15 240  31 240   0
   0 239   0 255  16 239  15 239 224 239 240 240  16  17 239 255  31 240
  15 255  31 254   0 240 255 240 239 239 240 240 255 240 255 225   0 240
  15 255  15 240   1  15  14  31 240   0   0 239   0 240   0  15   1   0
 240 241 240  15 255  15 255   0 255][120 254   0 255 255 254 241  16 239  15 254 240 255 239 255   0 239  31
 240   1 240   0 240 255  15   0  31 255  15 240  16 239   1 240  15 240
  15 239  15 255  15 240 240 255   0   0 255  16   0   0   0  15 255 255
 255 239 240 241 255 254 255 224 240 224 255 239 241   0 255 255 241   0
   0 240   0 255  31 239 240  31 255 255 255  15 240 224 255 241 224 241
   0 255 255 240   0 255 241 255 238   0 255 224  16 255 255 240   0 240
  15 255   0 239   0   0   1 255 255   0   0 240  15 240   0 240  15  15
 255 255 255  15 255   1 240   0 255][120  16  15 255 240  15 240  15 239   1 255   0 255 240 255  15 255  15
 254   0  31  16 224 255  15  15  15 255  15 239 240 240  16 254 239 239
  15 238 239 255   0 240  16 255  16  15 255   0  15  15  15 255 241 239
 240 255 255 240 240 224 255 224 254  31  15  30 240  16 255 255 255  15
   0 240   0 241 255 240 255 239 255 240 224   0 239 240  31 255 241 241
  16 255 255 240  15 240 240 240  31 239 240  16  14  16 255 240  14 255
  15 255  15 239   1  16   1 255 255  15  15 255   0 240 254 240 239  15
 255 240 240   0 224   0 255   0 240][135  15 240  15 255   0 255   0 239  15 240  15 255 241 240   1 255  15
 255   0  15  15  15 240   0 240  15 255  15 255 240 255  15 255 240 225
  15  31 240 241  14 224  15 255  15  15 240  15 240   0  16  15 240 239
 254 240 255   0 224 240 255   0 224 224  15  16 255  15 255 240 255 240
  16 240  15 240 255 239  31 240 255 240 254   0  15 255 255 224  31 240
  15 255 240 255 240 240 240 255  15 240 240 225 224  15 254 239   1 224
   0 255   0 225  15  15   0 240  31 240   0 240  15 240 224  31 254 240
 255 240 255   0 224   1 240  15  16][135  31 254   0 238  15 255  15 239   0 255  15 255  16  16   0 255  15
 240  15  31 255  15 224  14 254  15 240 224 241  31 255   0 240 241 240
  15  16  31 240  14 224  15 255 255  15 224   0 254  15  31  31 240 240
 240 240 240  30  31  31 240  16 240 224   0 238 240 255 255 224 255 254
 254 240  15 241 224 255  15 240 240 240 240  15  16 240 240  16  30 255
 255 255 224 255 254 255 255 240  16 240 254 240 255   0 254 224  15 240
  16 255  15 224   0 255   0 224  14 254   0 255  15 255   0   0 240 255
 240 240 255   1 240   0 255  15  15][120 224 240   0 241  15 240 224 225   0 254  15 240   0  16  16 255  14
 240  16 240   0  15  17 239 240   0  31   0 240 240 255   0 255 239 255
  15 225  14 255   0 239  14 240   0   0  17   0 240  15 255  16 240 255
 254 240 255 255 239  16 254 255 240 240   0 239 255   0 240  17 255 240
 240 255  15 255 240 255   0 254  31 240 254   0 239 255 255  31  15 255
   0 255  17 255 240 240 255 240  31 240 240  16 255 255  15 240  15 240
 255 254  31 225   1   0  31  17   0 240 240 255   0 255  15  14 240 240
 255 240 255   0 239   0 240  15   0][120 255   0  15 255  14 254 255  31  14 239  15 255  15 238  15 240  15
 255  31 255   1  15  14  15   0 224 255  15 240  16 254  15 240  15 241
   0 255  15 224   0 255  15  31   1  31  14  15   0  15 240 224 255  15
 239   0 239 240 255  16  31 240 255 225   0  15 239   1 254  14 241   0
 240 241 224 255  17 240  15 255  16 240  16   0 240 240 240 224   0 254
   1 255  14 255   0 240 255 240 240 238 240 240 255 255  15 240 240 255
 240 255 239  16  15   1 255  14   0   0 240 240   1 254 225 240 255 240
 255 255 255   0 239  15 255   0   0][119 240 255   0 241  15 240  14 255  15 224  14 240  15 240  15 240   0
 240 240 239  15 224 224  15 240 240 255   0 255  15 254 238 240  15  31
   0 255 239  31  15 239 240 239  15 241 224   0 240  15 255 255 240  16
 224  15 240  15 240  15  31  16 254  15  15 240 240  15 240 224 241 239
 224 241  16 240  16 255  16 240 225 254 255   0 240 254 255 255 240 240
  15 240 224 255 240 255 240 255 255 240 240 255 255 240  15 255 240 240
 241 255 224 240   0  15 255 224   0 241 240 240   1  31 224 254 240 240
 255   0  31  15 240   0 240 254 240][120 255 255 240 254 239 240   0 255   0 239  15 255  31 240   0 255   0
 240  15  31 240 240 255  15 240 240 255   0  31  16 240 240 240   1  15
  15 240  15 240  16 240  15 255 240 239 255  16 240  15 241 240 255 240
 240  16 240   0 239  15  17 224 240  15  16  15 240 240 255 255  16 239
  15 254  15 254 240 240   0  16  17 255 240  14 239 255 240 240  15 241
 240 240 255 254 240 240 240 240 255 254 255 240 255 240  15  15 224 255
  30 240  16  15   0 240 241 255  15 255 239 254 240  16 238 255 255 240
 240   0  31   0 239   0 255 240  15][120 240 255 239 224  16 241  15 255 239 254  31 255 225 254  15 240  31
  30  15 239  15   0 240  16 255   0 255 239  15 255 240  16 241  14  15
  14 255  31 240 224 240  15 240  15 224 240   1 224  16 255 255 255 240
 255  16 255   0 224 241  16 255 255  30 255  15 255  15 241 240  14 224
 240 240  31 240 255 255  15   0 224 240 238  16 239 255  31 240  15 240
  15 240 240 254 240 255 240  16 239 240 255 255 255 255   0 240   0 255
   0 255   0  15  15  15 241 240   0 255  15 240 240  14  15  15 255 254
 255   0 224   0 224   0 239 240  15][119 255 240  16 239  15 239  15 240 240 255   0 254  16 240  31 255  16
 224  15 255  31   0   0 224 240   0 240 240   0 240 255 240 240  15  15
   1 240  16 255 241 254  15 255  31 224   0   0  16  31 240 241 240 224
 240 241 255 255 255  16 224 240 240 241 240  15 255  31 241   0  15 239
  16 254  15 239  16 240 225  15 255 255   0  31 255 254   0 255  15 241
  31 255   0 241 241 254 255   0 254 255 255 255 255 239  15 255   0 239
  15  15  14  15   1  31 240   0   0 240   0 255 255   0  15   1 255 240
 255   0 255  15  16   0 255 241  15][136 240 240  15 255   0 239  15 254 239 255 239 254  15 255  16 240   0
 255   0 240 255  15   0 239 255  15 254 224 240 239 255  31 240  15  30
 255 255  15 254  16 240   0 255 255   0   0  15   0 239 255 255 255  16
 254 239 240  31 255 224 239 239 240  16 255   0 255 255 240   0  14 240
  15 255 240 240 255 224 255   1 255 240  16 224 254 240  31 240   0 255
 255 255   0 240 240 241 240   0 255 255 240 240 255 240   0  31   0 240
  15   0  15   0   0 255 255   0   0 240  15 255 240  31   0   1 240 255
 255   0 240  15 255   0 255 240   0][119 255 254  15 255  15 224   0 255   0 240 254 241  16 240  15 240  15
  15  16   0 255   0  15  15 240 255 224 240 240  15 255  31 240  15 224
 240 240   0 240   0 255  16  15 255   0  15   1  15  15 240 254 241   1
 255 255 240  15 255 224  31  16 240  31 255  16 255 255 241  15 240 240
  15 255 240 240 240 224 240 255 240  14  16  31  17 255 240 240  16 240
 255 254  15 254 255 255  31 240 240 240  31 255 255 240   0 240   0 255
   0  15  16  16  15 255 240  15   0 255   0 240 255 255  31  15 255 240
 255   0 224  14 255   0 255 254  16][120 240 240   0 255   0 224   0 241   0 240 240 240  15 241  15 240   0
  15  15   1 240  15 240  15 255  16 224 240 240  14 255 224 239  31 224
  16 255   0  31  15 241  15  14 240  15 240   0  15  14 238 240 240 255
 255  17 255 255 240  31  17  31 224 225 255  15 240 240 240 240 255 240
   0 240 241 240 255 241 255 240 255  14  16 255 240 240 224 240  15 255
 240 240 240 240 254 240  16 240 240 255   0 254 255   0   0 241   0 239
   0 224 239  15  15 240 224 240   0 241   0 239 255 255  31  31 255 240
 255   0  16  15 255  15  31 240  15][119 225 239  15 255  15 239  15 241   0 254 240 240  14 255  15 255  31
 239 255   0 224 224 254   0 224 224 240  31 255  15 255 255 240  14  31
   0 240   1 239   0 240 255  16 224  30 254   0  15  31 239 255 240 240
 240 240 240 240 240 255 239 225  15  31 240 255 255 224 255 254 240 255
 239 240  15 240   0 240 254 255 224   0  15 240 240 224  16 255 255 255
 224 240 254 255 240 240  17 240 240 255 241  31 240 225  15   0 224 255
  16 239 240 255  31 224  16 254 239 240  15 255 224   1  31 255 255 254
 241   1  15  14  15  15  31 225 255][120  15 241  15 255 255 224   0  16   0 254  16 239  16 255   0 240 240
 239   0   0  17  16 240  15  31  15 241  16 255   0 240 255 240  16 254
  15 254  15 240  15  15   0  17  17  31 240  15 238   0 239  15 255 240
 255 240 240 239 255 240 240  15   0 224 240   0 240  17 255 240 224 240
  31 240 255 240  15 255  31 255 240  14 238 240 240 224  15 255   0 255
  17 240 240 240 240 240 224 240 241 255 240 239 240 240  31 224 255 241
 239 239 240   0 239  17   0 240 255 255   1 255 239 241 241 255 239 240
 238   1  15   1  15  15  31  15   0][119   0 240  31 240  16 239   0  14  15 255  16 239  15 241  15 241 240
 255   1 238  14   0   0 241 255  15 255  31 240   0 240   0 240  14 241
  15 240   0 254  15  16   1 240  14   0   0   0 240 255 240   0 239  15
 255 255 255 255 240  31 255  15  15 225 240   1 240  14 255   0  15 240
  31 240  15 240   0 255  15 240 255   0 255 240  31 255   0 255   1 255
  14 240   0 255 240 240 241 239 240 255 240   1   0 240 224 254 240 255
 255 224  31   1 240  14  15   0 255 255   0 255 241 240 255 240 240 239
 255   0 239   0  15  15  16  15   1][240   1 241 240 239  15 255   0  16  14 255  15 240   0 240  15 239 240
 239  15 240 224 225 240 240 241  15 255   0 255  15 254  15 225  15 240
   0 240  16 240 240 239  15 255 224   0 239  15 255 255 241 239 239   0
 240  16 239 224 240  15 254   0   0 240 255  15 255 224  16 239   0 255
   0 255  15 240  15 240  30  31 255  15 240 255 240 240 240 255  15 240
 224 240 255 240 240 238 255 240 240 255 255 239  15 240 239 255 255 241
 255 240   0  15 240 224   0 240 255 241 224 224 240 240 239 240 255  15
 240   0 240   0 240  31 240  15  15][240  31 239  16 239  15 240 239 224  15 255   0 241   0 255  16 239  15
 240 240  15 255  31 240  16 240  16 225  15 255 240 240   0  31   0 240
  15 254 240 241  15 241 240 238 255  16 224  15 254 240 240 255 241 224
 255  14 238 239 254 239 255  15 224  15 254 240 255 255   0 238  15 255
  14 255  16 255  31  16 240 224 240  15  16 240 240 255  15 241 240 240
 255 255 241 255 240  16 255 240 255 255 254 239  15 239  31 255 255 255
 239  15   0 240 254 255   1 255 240 255 255  16 240 240 240 240 240  15
  30   0 240  14 240 240  15  15 240][240  15  31  15 240  15 255 240 241  15 240  15 255  31 254   0  17  15
 241  15  14 240 239 240  15 254   0  15 240 255 255 240   0  16   0 254
  16 255 239 240  15 241  15   0 240   0  31   0 255 255 240 255 240 240
 240  15 240 224 240 255 255   0 255  15 255  15 254 240   0 224   0 255
  16 255  15 255  15   0 254 240 224  15  15 255   0 241  15 240  15 255
 240 255 240 255 254   0 240 255 240 255 255 240   0  31   0 255 224  31
  16  15   0  15 240 240  15 240  15 255 240   0   0  31 239 255 255  15
  31   0  15   0  31 255  15   0  15][240  15 238  16 240  15 240 254 240  16 240   0 255 239 255   0 239  15
 255  31  16   0 240 255   1 240  15   0 239 255  31 240  15  16 239 255
  15 255  15 240  15 240  31  31   0   0  15 239 254 255 240 239 255 240
 255  16 240  31 255 240 240 240 255  15 240  31 240   0 240 239  31 240
 255 255 239 239  31   0 254 255  31  15 254 255  15 240  15 240  31 255
   0 255 255 255 240  15 241 240 255 255 255 255   0 239  15 255   0   0
   0  15   0  31 255   0  16 240  15 240 255   0   1  15 240 240 240   0
 240   0   0   0 239 240  15   0  31][240  15 240   1 239   0 255 224 241 255 254  14 240   0 240  15 255   0
  15 255  15   0 224 240   0 239 240 255  31 240  15 255  15  15 224 240
   0 255   0 240   0 255 255  31   0  14  14   0 255 240 255  15 254 241
 255  15 255 240 224 239 239  31 240   0 240 255 224   0 254 240  15 240
 240 240 240  30 254  15 240 240  31  16 240 240 240 240   0 255 255 255
   0 240 254 255 255   0 240 240 240 255 255  31  15  15   0 255  15   0
   0   0   0 255 240   0 224 239   0 240 255   0  14  15 255 255 255   1
 255   0 240   0 255 238   0   0 255][241   0 255   0 225  14 241  15 255 239 240  15 255  15 254  15 224  16
  15 255  31  15  15 255 255  31 255 240   0 240   0 255   0  17 224 255
   0 238  15 255  16 255 255   0  15   0  15  14 239 254 255  15 255  31
 240  17 254 255  16 239 240  15 240  16 255 255 240  15 240 240   0 240
 240 255 255  31 255  31 240 240  15  31 241 255 224 240  16 240 255 255
  15 240 240 240 239 224 241 255 241 224 255  31   0 224   0 239   0  15
  16  16   0 255 224  15 224 255   0 224 240 255  15   1 240 240 240  15
 240  15 254  15 240 224  16   0 255][224 255 240   0 239   0 240  15 240 240 255  15 254   0 240  30 240  15
  15 240  15 240   0 255 239  16  16 240   0 254  16 241 239  31  14 255
  14  31   0 255  15 254 240  15 240  16   0  15  31 254 255 240 240   0
 240 255 255 255  17 224 240 224 240  15 254 240 240 240 240 255   0 254
 255 255 224 240 255 255  14  16  16 224 255 255 224 240  15 240 240 255
 240 255 255 255 224 240 241 255 240 239 255 224   0 255  31  30  15  16
 240  15   1 240  15 240 224 255   0 224 241 255 239 224 240 255 255  15
 240  15 240   0 224  30  15  15 240][241  31 240  15 240   0  31   0 240 240 255  16 240  15 255 240 240 255
  15 224  16 254  15 239  15 224 224 240   0 241 255 239  16 224   0 255
  15 238   1  16 255 239 224 239 254  31   0   0  31 224 240 255 255 255
 255 239 240 240 255  16  31  31 255 255 255 224 255 254  31 240 240 240
 225 240  16 255 240 255 224  14  15 239 255 240  16 255 255 255 224 255
 254 240 240 240  31 255 240 240  31 255 255 255  15 240 240 224 240 238
 255 255   0 224  15 254 255 240   0 239 240 224  31 254 240 241 241   0
  31  15  15   0  16   0 255  15 224][240  30 240 239 239  15   0  15 255  16 255   0 240  15 255 238 240   0
  30  17  16 240  15 239  31 240  15 240   0 240 254 239  15 224  15 240
  15 239  15   0   0  17  17   1 240  15  17  14 224  15 240 255 240 238
 241  14 255 255 255  15  31  15 240   0 240  17 240 240   0 255 224 240
 241 240  15 255 255 240 255   0 239 240 255 255   0 255   0 240  17 255
 240 240 255 254  31 239 240 255 254 255 255 239 239 241 240  31 255 224
 241   0 255  17  15 240 255 255   0 240 240 240 240 240 255 240 255  15
  15  15   0  15   0  15   0  15  17][255  31 239   0 240   0  15  14 240   0 239  15 255   0 224  16 240   1
 255  14 255   0   0 255  15 240 224 255  31 241 240 224   0 240  14 240
  15 240  15  15   1 240  14  14   0  15 255 239 239  14 240 239 255 240
 255 238 240 255 254  16 224 238 240   1 255  14  16   0  15 255  31 240
  17 255   0 255  16 240 240  15 241 255 255 255   1 255   1 240  14 255
   0 240 255 241 240 255 240 255 255  14   0   0  30 255 240  16 255  31
 240   1 255  14   0   0 255 240   0 255 240 240 240 240 255  31 241   0
 240  15 224  15  15  15   1  15  14][241 239 238  15 241  15  16   0 240  15 238   0 241  15 239 240 224  15
  16 224 255 240   0 240  31 255  17 240  15 255  15 224   0 240   0 255
 240 240 240 255  15 224 224 239 239   0 255  31 240 240 239  31 240 224
 255 240 255 255 255  31 224 240 240  15 240 224  14 239   0 240   1 255
  16 240  16 255  15 239  31  15 255 254 240 240 240 255  15 240 224 241
 239 255 255 224 255 240 240 240 240 224  15  15  16 240 240  16 240 240
  31  15 240 224   0 240 255 255 241 224 240 255 239 240 241  14 240   0
 255   0 255   0 240  15  15   0 224][239   0 239  15 240 255  15   0 240   0 224   0 255   0 240  15  15 240
  16 255 224 241 225 255   0 240   0 240 238 255  15 225   0 240  15 255
 225 240  15 255 240   0 255  16 238  15 240 240 241 255 240 255 239  15
 241 255 255 255 240  15 239  15 255 240 255 255  15 224  15 240   0 255
 224 240 224  31   0  31 255   0  31 240 255 240  15 254 240 255 255 240
 254 255 240   0 255 255 255 240 255 255   0 224  31 255 255 239 240  15
   0 240 255 255   0 240 239 254 239  16 240 240 240 240 255  15 240   0
 255  15 255 240  15   0 240   0 255][ 31 239 239  15 255 255 239   1 255   1  16  31 239   0 224  15   0  15
  16 240 255 240 239 240  15  31 255 255  31 241   0 225  15 239  16 255
   0 240  15 239  15   0 240  31  31   0 240 240 255 240 241 224 240 224
 240 224 255 238 241 224 241  15 240  15 240 240 240  31   0 240 239 240
  15 240  15  16 240  31 238   0   0 240   0 240  15 240  15 255 240 240
 255 241 255  15 240 240 240 240 255 240  15  16  14 240 255 239 239  15
   0  15 255 240  15 255  15 240 241  15 255 240 240 240 255   0 240   0
  17  15  16 239  15   0  15   0 240][ 31 224 239  15 224 255 240 224 240  15  31 224 240   0 240  15  15  31
  17   0 224 240   0 255  15 224 239 255   0 255  15  17   0 255  16 240
  15 255  15  31  31   0   0  31  16 239 240 255 255 240 255 224 240   0
 241 225 240  30 240 240 255  15 240  31 224   0 240  31  17 240 255 255
 255 255  16  15 240  31 239  15 240 255  15 240  15 240  31 255   0 240
 255 240 240   0 240  16 255 240 255 239  15  31  14 255 224  31  15  15
  15  31 240   0 224 241   0 255   0   0 255  15 254 255 255   0 240   0
  31  15 239  17  15   0  31   1   0][224 239 239  15 240  17 240 224 255  15 255  15 241   0 240   0 225 255
  15   0  17 240 224 239 255 240  16 240   0 255  15   0 240 240  15 240
  15 240   0  17 255  15   0  16   1   0 240 240 254  15 255  31 255  15
 240 224 255  31 255 224 240   0 240 255  31   0 240 239 224 240 240 240
 255 224 239   0 254 255 239  16 255 255 239 240   0 255 255 255   0 255
 255 255 240  15 240  31 240 240 255  15   0  16  15 254  15  15   0   0
   0 255  31   0 240 239  15 240  31  15 224  15 240 255 240   0 240   0
 224   0 255   0   0   0 255   0   0][239  15 239  15 255   0 255  16 255  15 240  15 255   1 240  16  15 255
  31  15  31 254 240  31 240 255   0 240 224 255   0   0  31 255   0 254
  15 255  16  31 255  31  15  15   0  14 225 240 255  15 255   0 240   0
 240  16 255 224 239   0 240  16 255 255 239  15 240 241   0 255 254 240
 239  17 240  31 240 240  14  16 255 254  17 240  16 240 255 240  15 240
 255 255 255 240 240 225 255  31 255  15   0   0  15 254  15   1  31  16
  15 255   0  15 240 255   0 239 224  15 225   0 255 240 255   1 255   0
 240   0 255   0  16   0 255   0  15][255  16 239  16 255   1 241 238 255  15 240   1 240 224 255  15   0 240
 239 240  31 240 240  15  16 255  15 255 255 240 239  16   0 240  15 254
   0 255  15  14 240  16 240  16   0   0  15  16 240  16 241   0 240 224
 255  16 255  17 239   0 255  15 240 240  15 240   0 240 224 240 239 240
  15 239 241 240  31 255  15  31 224 255  30 255  15 240 240 240 240 240
 240 255 240 255 255  16 240  15 255  31  15  16 239  17  14   0 255  15
  15 240  15 240 239 254   0  31 255 240 240 255 240 255 255   1 255   0
 240   0 255  15  15  15 240   0 240][239  16 239  31  31  15 240 255 240   0 255  15 255  31 255 255   0 224
  31 254  15 240   0 224 224 240  14 255 225 240  31  31  14 254   0 255
   0  15 255  15 224 224 254  15   0 224  16   0 240 254 241 255 240  31
 240 255 255  16  16   0 240 255 255 224   0 254   0 241 240 254 255 255
 224 255 240 255 255  16   0  31 255 255  16 240 255 240 224 255 254 255
 240 240 238 239 240  31 240 225 241  15  14 254 241   0 239  16 240 255
  14 224   0 254 240 240  15  31 240 254 240 240 241 240 255   0 240   1
 240   0 238  14 255  15 224  15 254][239  15 240  15   0  15 240 240 255   0 241   0  31   0 241   0 239  17
 255 240  14 239  16 255  17 255   0 254 240 239   0 239   0 255 224 240
  14  16   0 240  17 240 240   0  16  16 224   0 240 240 240 239 255  15
 255 255 240 224  16  15 254   0 240  17   0 240   0 255 255 255  31 241
   0 255 240 240 240  15 254 239 255 240  15 240   0 240  17 255 240 255
 240 241  31 240 255 255 255 255 240  15  31 240 254  31 240  16 255   0
  16  17  15 240 240 254  15 239 240 240 240 240 240 240 255   0 240  14
 224   0   0   0   0   0  17   0 240][238  15 254   0  31   1 240   0 255  15 255   0 224   0 240   1   0  14
 224   0  15 240   0 240  16 240   0 241 255 238   1 241   1 240 240 240
  15  16   1 255  14 239   0  15 240 240 240  16 240 240 240  31 255  15
 255  31 240 239 224  31 254   1 239  14  31   0  15 254 224 255 240 255
   0 240 240 255 240  15 239 240 240 255   0 240   1 240  14 255   0 240
 240 241 255 255 255 255 255 240  31   1   1 255 240 224 240  15 255   1
 255  14  16   0 240 240  15 255 255 240  31 240 240  15 255   0 224   0
 239  15  15  15   1   0  14   1   0][239  15 240  16 224   0 255   0 239  15 255  15 255 240   0  15   0 224
  31 240   0 255 255 240   0 255  15 240 255 224   0 240   0 240 224 255
 240 255  15 240 224 239 240  15 240 239 255 255 239 255 255 239 255 240
 255 224 240 224 239 240 240  15 255 224  31 239   1 240  15 240 240 225
   0 254 239 254  16   0 224 240 255 255 240 255  15 240 224 255 238 255
 255 240 255 255 241 255 240 239  15  16 239 239 240  15 255 240 224  15
 255 224   0 240 240 240 240 239 239 240 224 240 240  15 240   0 239  15
 240  15 240   0  15   0 224  15 255][255   1 255 239 225  15 255   0  17  14 241  15 241  15  15 240  31 255
 224 255  15 255  15 240   0 240   0 240  16 239  15 224  16 255   0 255
  15 239 240  16 255 224 239  15 240 255 241 241 240 255 240   0 255 240
 255 224 240  16 240  15 240 240 224 255  14 224   0 240 225 240 239 224
  15 224 241 255 238   0  17 255 240 255  15 255 240 240 255 240 240 240
 255  14 255 240 255 255 255 239   0  16 239  15 255  16 255  15  15 240
 254 255  15 255 239 241 240  16  17 255 240 241 240  15 240   0 255  15
 239   1  15   0 240  15 255  15 240][240  15  30 240 240   0 255   0  16  31 224   0 255  15  30  15 239 240
  15 255  15 240   0  31 240 240  15 240   0 239  15 224  15 240  15 241
  15 241  15  15 240   0 224  16 255 255 255 255 240  15  16  16 255 240
 240  31 254  17 240  15 240  15  30 240  31  31  15 240 255 240 240 255
  15  31 255  31  30  15   0 255  15 255  15 255  15 240 240 240 255 255
 255  15 240 255 240 240 255 255   0  31   0  15 241 239 241  15  15  15
 240 240  16 255  31 255 240  15 255 240 255 240 241   0 240  15 255  15
  16  16  15   0  15   0 240   1 240][240  31  31 240 241  15 241  15 238  31 240   0 240  15   0  31 224   0
   0 240 240 255   0 239 255 240   0 255   0 224 239 240  15 255  15 255
  15 255  31  16   0   1  31 238 240 239 255 240 240 224 239  15 240 240
 255   0 240  31 255  15 240  31 225   0 240  31 224 240 255 255 240 240
   0  31  31  31  16  14 255 255 239 240  15 255  31 240   0 255 255 240
 239  15 241   0 240 240 255  30   0  16   0 255 240 240 240  15  15  31
  16   0 241 255  16 240 240  15 255  15 255 255 255   0 255  14 240  15
 224  14  15   0  31   0   0   0 240][240 239 241  15 240  31 240   0 255   1 240  15 240   0  16 255  16   0
  15 255 255 225 240 240  31 240  16 255   0  15 255 240   0 255   0 240
   0  31 255  16   0   0   0   0 255 255 255  30 255  31 255  15 255 225
 255  15 255  15 255   0 240 255 224   0 240 239 224 255 240 240 240 240
 240 239  31 224 240  14 255 240 224 240   0 240 255 240   0 255 255 240
 239  15 255  16 240 240 255 224   0  31   0 240 224 240 224   0  15 255
  15   0 255 255  15 255 240   0 255  15 255 240 255   0 240   0 239   0
 240  15   0   0 255  14   0  15 240][239 241 254  15 240  16 240   1 240  15 255   0 241  16   1 255 224  15
  15 255 241  31 240 254  15 240 225 240   1  15   0 240  15 255  15 255
  16   0 255  31  15  15  14   0 239  31 240 255 241  15 255  15 255  16
 240  15 239  15 255  16 255 255  16  15  15 240  31 241 255 255 238 255
 255 255 254 224   0  15  31 255  15 255  16 240 255 240  15 241 240 240
 239 240 240  15 254 255 255  31  15  15  30 240  15 239 255  16   0 255
   1  15 240 240   0 255 240   0 240  16 255 255 240   1 255   0 240   0
 240   0  16   0 255   0  15   0 240][224 240 255  15 240   1 240  15 255   0 240  15 255  15   0 240 239 240
  14 224 240  15  16 255  15 255 255 224  15  14  15 255   1 255   0 255
  15   0 240  15 240  15  15   0  15  15 255 255 240   0 239  16 240  16
 255   0 255  15 241  15 240 240  15 240   0 241 240 255  31 255  15 239
 240 255 240 240   0  15 238 255   1 240  15 254 240 240 240 255 240 254
 240 255 255  15 255 240 255  15  15  16 241 240  15 224 255  15   1 240
  15 240 240 255   0 239 240 240 255 240 255 240 240   1 240  14 240  15
 254  15  15   0 240  16 240   0 255][224 240 255   0 240  31 254  15 255  15 239  15  31 255  16 224 238 254
   0 239   0  15 240 255  15 240   0 224   0  31   0 255 240 254   0   0
 255  15 224  31 254  15   0  30  15   0 255 255 240 255 239  31 240 240
 254   0 255   0 240 255 240 224   0 254   0 255  15 240  16 240 224 240
 254 255 255 241  31  17 255 241  15 240 255 254 224 240 254 255 255 254
 240 254 240 224 240 255 255   0   0 255 255  31  15  16 255 255  14 224
   0 254 239 240  15  31 240 255 255 240 255 255 240  14 255  14 255   1
 240  15 255   0 224   0 254   0 241][255 255 224   0 255 241 255   0 240   0 241   1 239   0  15  17 224 240
  15 240 225 238  15 240   0 255  15 224  15 255   0 255 240 240  15  30
   0   0  17  15 240   0  15  16 224   0 255 255 240 241 255   0 255  15
 254   0 255  15 255   0  31  17  14 240  16 255 238 255  15 240  16 240
 239 240 239  31 239  31 255 255  15 255   0 254  17 240 240 240 240 240
 240 241 240 255 255 254 240  15  15 255 255 239 255  16 240   0 239  17
   0 240 255 240  15 239 255 240 239 240 255 239 240  15 255  15 239   0
  14  15   0  15  17  15 240  15 255][240 240  31   0 240  15 240   0 255   0 241  15 240   1  15  14  31   0
  15 255   0 240   0 255  15 254 254 239   0 240   0 255 224 255  15   0
   1   1  14   0   0  15 240 240 255 240 240 240 255   1 240   1 240  16
 240   1 239  31 240   1  15  14   0   0   0 255 240 240 240 255   0 255
 240 255 240   0  31 240  31 254   0 255   1 254  14 240   0 240 240 255
 240 240 224 255 240 240 255  31  16 240 255 240 241  14 255   1 240  14
 224   0 240 240 225 255 240 241  15 255 255   0 255  15 255   0 224  15
  15   0   1  15  14  15   0   0 255][240 240 238   1 240   0 240  15 240   0 240 240  31  15  15 224  17 240
  15 240 239 240   0 255  14 240 255 224  14 225  14 241  15 255 240 241
  15  16 224  15 255  15 255 239 240 240 239 240 255 238 255 240 255  31
 255   0 255 240 240  15 239 224 255 225   0 255 239 241 224 239  14 255
  15 240 224  14  30 255  31 255 240 255  15 254 224 255 238 240 255 239
 240 255 238   1 239 255  16 255 240 224 255 255 255 240 255  15 255 224
 255 240 255 240 240 240  14 255  15 241 240  15 255  15 240   0 240  15
 240   0  15  15 224  15 240   0 239][240 255 240  15 255  15 224  15  31   0 241  15  31 240  31 255  15 240
  15 240 225 254  15 254   0 255 255 239  15  31  16 239  15 255  15 238
 240 255 255  16 240   0 241 240 255 255 241 224 255  16 240  15 255  16
 240   0 240  15 240 240  16 255  15  31   1 241 240 240  15 224   0 239
   0 255  31   0  15 240 224 240  15 241 240 254 255 255 239 240 240  31
 255 239 240 255 255 255  15  31 224   0 240 224 240  15  17 240 255 255
 240 255 239 240 240  31   0 240 240 254 241  14 255   0 254  15 240  15
  15   0 240   0 255   0 240  15 239][ 16 240 255  15 255  15 239  15  15   0 255  15  31  15 240 240  15 240
 240 240   1 239 240 240  14 240  31 224   0  16  15 241   0 240  15 240
  15 241 240  15 239 255 240 240 254  16 240  31 240  16 240  15 255  15
 240  15 239  15 240  15  15 240   1 224   0 255 255 254 240 224  14  31
  16 238 239   0  15 241 238 255  15 255  15 241 240 255 241 240 224  15
 240 255 255 239 255 240  15  31   0  14 255 224 255  15  14  15 255 240
 240 240 239 240 255  17 239 239 240 255 241  15 254  15 240  15 239   0
  15   0  15  15 240  15 240  15 240][239 240 255  16 241  15 255  16 225   1 239  15  16  31   0   0  16 240
 240 240 255 239 255 240  15 241   0  31 239 239   1  31   0 255  15 241
  31 239   0  14  16 239 254  15 240 239 240 240 255  14 255 239 240   0
 239  15 255  15 240  31  15   0 255 238  31 255 255 255 255 241   0  31
  15  15  31   0 240 240 255 255  15 240  31 240   0 241 255 255 224   0
 255  30 255 255 255  30   0 240   0   0 240  15 240  15  15  31  15   0
 240 240  16 255 240 224  31   0 240 240 255  15 255  15 255  15 239   0
  15   0  31   1   0   0 240   0 241][255 224 255  15 255   0 255   0 240   0 254   0  16 255  15   0  15 255
  15 239 240 239  14 225  17 240   0  30  16 239   0  16  15 255   0  15
 255  16   0  15  15  31 240  14 255 255 240 225 240   0 240 240 255   0
 241   0 240   0 240 255  15   0   0 224   0 240 241 240 255 240  15  31
   0  15 240  15 255 240 224 255   0 240 255 240   0 240 255 240 239 239
 255  16 255 240 255 224  15 240  16 240 239  15 255   0  15 255  15   0
 255 255   0 255 240  30 254  15 255 255 240   0 240  15 240   1 239   0
   0   0 255   0   0   1 240   0 254][240  31 240   1 240  15 240   0 240   1 240  16   0 255  16  15  15 224
  31 224  15 239   0 239 224 240  15  15  14 239   0 239  15 240  16   0
 255  15  15  15  15  31 240   0 255 239 240  15 240   0 239 240 240  15
 240   0 240  16 255 255  15  15   0 254  15 255 240 240 240 240 224 238
 240  30 240  15  31 255   0 241  16 254 255 240  15 240 255 240 224 255
 255  31 254 255 255 239  15  15 255 255 224 240 255  16   0 255  15  15
 240 240  15 255 224   0 240 224 255 255 240   0 240  15 239  14 224  15
  16   0 255  15  15  15 254  15 255][255   0 255  15 240  15 255   0 239  15 240  15  15 240 225 240   0  16
 240  15 224 224  15 241  15 240  15  15   0 255 238 255   0 255  15  15
 240   0 240  15   0 240  31   0 240 239 255   0 240   0 239 239 255  14
 254   0 255  15 240 240  15 240  15 240   0 240 255 255  15 240 240 255
 240 254 225  15 224 240  15 254  15 255 240 240 240 255 240 240 239 240
 240 239 255 240 255  16   0 238 255 255 224 255 240  15   0 240   0 240
 240 240   0 255 224 224 241 240 255 255 255   0 255  15 254   0 255  15
  15   0 240  16 240  15 240  15 255][240  15 255  15 240  15 240  15 239   0 254 255   0 224 239 254   0 224
  31  14 255 239   0 240  15 240  14 224  15 240 255 254   0  16 255   0
 224 255 254  15  15 224 224   0 255  31 255 254 224 224 239 225 255   0
 255   0 241 255 255 224   0 254   0 240  15 240 240 240  16 255 240 255
 240 255 238  15 240 241  15 255 255 255 224 240 254 240 240 240 255 239
 240 255 240 241 255  31   0 240 240 255 239 239 240 255 224 224  15 254
  31 239 240  31 239 240 240 240 240 239 240   1 255  15 240   0 255   0
 255  15 224  15 254   0 255   1 255][239   0 255 240 255   0 254   0 240   0 255   0  15  17  16 240  15 240
 239 224   0 241  15 255  15 239   0 239   0 255  15 255   0  14   0   0
  17  15 240 240  16 255 240 240 240 255 241 241 239  16 255  16 240   0
 255  14 254   0  15  17  14 240   0 255   0 255 255 239 240 255   0 255
 240 240  31  16 224 241  15 240   0 255  17 240 240 255 255 240 255 255
 240 240 240 240 255  15   0 255 240 254 241 225 240   0 255  17   0 240
 254 240 240 239 240 239 240 240 254  14 255   1 255  15 239   0  31   1
   0   0  17  15 240  15 255   1 240][ 16  15 255 240 240   0 240   0 255 224 255   1   0  14  16   0  15 255
 240 240  14 241 239 240 224 239   0  16   0 255  15 240  15  15   1   1
  14  15   0 255 241 255 241 255 241 240 255 224 255 238 255  31 255   1
 255 239 255   1   0  14   0   0  15 241 254 240 255 240   0 240  16 255
 255  15  31  16   0 240   0 241   1 255  14 240   0 240 240 240 240 241
  30 255 254 240 255  15  15 255 255 255 241  31 240   1 240  14   1   0
 241 239 240 255 241 240 240 240 240   0 255  15 255  15  16   0   0   0
   1   0  14  15   0  15 240   0  31][ 15   0 239   0 255   0 255   0 255 240 240  15  15 224  15 255 224 255
  15 240  15 240  15 241 255 239  15  15  17 240  15 254 240 240  15   0
 224  15 240 240 255 240 240  31 240 224 255  31 240 240 239  15 255   0
 240 240 240  15 239 224 239 239   0 254 239 255  15 239  15 240   0 255
 239   0   1  16 224 255 240 255  15 255 224 240 224 240 240 224 240 255
 224  15 255 255 255   0 239 255 255 254 240 240 240  15 255 224 240 240
 240 240 241 239 240 240   0 241 238  15 240  15 255  15 224   0 240  14
  15  16 224  15 240   0 239   0 224][ 17  16 224  15 240  15   0  15 255  15 224 240 224 255  15 240 240 240
  31 255  15 240   1 240 240 239  15  31  15 255  15 254  15 239 240  15
 255   0 255 255 255 240 254 240 241  15 255 239 240  14 240   0 254  15
 240  15 240 240 255 255 238 224  15 240 255 240  31 224   0 240  16 255
  16   0   0  31  15 254  15 255 240 255 255 255 224 240 240   0 254 255
 240  31  31 255   0   0 224  31 240 240 241  15  31 240 255 255 240 254
 255 240 255  16 255 240 240 254 255   0 240  15 240  14 239   0  15  15
 240 224 255   0 240   0 239   0 224][239 239 224   0 240   0   0   0 255  15  16  15  16 240  16 240  31 240
  15 255 255 240  15 255 254 240  16  15   1 240   0 254  15 240  15  16
 240  15 224 255 254 224 240  16 240   1 240  16 240  15 240  15 255   0
 255  15 240  15  15 240 224 240  15 241 255 240 240 224 238 224  31 240
 224  14 240 255  31 254  15 240  15 241 240 254 240 240 240   0 240 241
 240 240 238 254  14  31   0  14 255 239 240  15  15  15 255 240 255 240
 255 255  31  15 240 255 240 255 240   0 241   0 240   0 224   0  15  14
  15   0 240   0 241   0 225  15 225][255 238 240  15 255  15 240  15 239  15   1  31  15   0   0 255 224 255
 255 241 240 254  15 255  15 239  16  14   0  15  15 255  15 255  31 255
   0   0  15 240 255  15 255 255 255 240 255   0 239  15 255  15 240   0
 241  15 240  31   0   0  31 239   0 255 255 240 239 239  15  16   0  16
  31  15 240 255 240 255  15 241  31 240   0 240 255 255 240  15 240  31
 241 240 255 255  15 224  15   0 240   0 241  15  15  31 240   0 255 240
  15 240  31  30   0  17 240 255 240  15 240  15 255   0  31  14  15  14
  31  15   0  15 241  15 255  15 241][240   0 255   1 255  15 240  15 239   0  16 255  31   0  15 255   0 239
   1 240  15 241 240 254  14  16  15 255  15   0   0 240   0  16 255 240
   0  15  15 240 240  14 255 239 255  16 255  14  16   1 240  14 255   0
 240   0 240 255  15   0  15 240  31 240 224 240 255 240   0  15  31  15
 225   0 224 255 224 255   0 240 255 240   0 254 255 255 240 255 240  16
 240 240 255 240   0 255  31 241  31  15 241   0   0 255   0   0 240 240
   0 240 224 224 239   0 240 255 255   0 240  15  16  15  31  15   0   1
 255  15   0  15 240  15 240  15 240][255  14 240   0 240  15 254  15 240  16   1 255 239  15  15  16  15 240
  15 240  15 240 240 240  15  15   0 255  16  16  15 240  16  15 255  15
  15 240  15 224 240  15 240 239 241  14 255  15 224 239 240  15 255   0
 240  16 255 255   0  15  15 255   0 240 255 240 255 241  31  15 240  16
 255   0 224 240  16 240  16 254 255 241  15 240 255 254 224 240 239 239
 255 240 255 240   1 239 255 254  15 240 255  16  15 255  15  15 255 240
   0 255 239 239 240 240 241 240 240   1 255  15  30  15  15   0  16   0
 255   0  15  14 255  15 240  15   0][255  14 255  14 255   0 240  15 239  15   0 240  15 240  15   0 255  31
 240 224   0 240 255 255  15  14   0 255 239 255  15 240  15  15 240 239
 240 255   0 240 241   0 255 224 254   0 239   0 241 255 241   1 255  14
 255  15 240 240   0 240  15 255  14 255 240 255 240 240 255 239 240 254
 255   0 224 255  31 240  15 255 240 254 240 255 255 240 239 240 255 255
 240 239 255 255   0 224 240 241  16 240 255  15   0 240   0 240 255 240
 255 241 255 240 224 240 240 255 240  15 240  15 239   1  31  15  15  15
 240   0 240   0 240  15 240   0   0][240   0 255   0 240   0 240  15 254 255  15 224  31 254   0 239  15  15
 224 239  15 255 240 255  15   0  15 255  31 255  15  15 255  15 224 240
 254 240  16 255 255 224 255   1 255 239  31  16 254 238 224   0 255   0
 240 255 240 224  15 254  15 255  15 240 255 240 239 240 239 240 240 240
 224  15  16 241  16 240 255 255 224 255 254 240 254 241 240 255 255 255
 255  31 255 240   0 240 240 254 224 240 255 255  31 224  15 254 240 224
 240 224 240 255  16 240  31 239 255  15 240  15 255  15 255   0 255   0
 224  15 254  14 255  15 240 224  14][241  31 255   0 240  15 255  15 240   0  15  17  16 240  16 255  15  30
   0 240 239 240 240 254  15   0   0 240   0 240   0  15   0  15  17   0
 240  31  31 240 255 240 255 224 255  31 239  31 255  31 224  15 240 239
 240   0  15  17  15 240   0 240 239 255 240 240 240 240  15 240 255 255
  16  15 224 255  31 240   0 255  17 255 240 240 240 255 255 240 240 240
 255  17 255 224   0 224 255 240 255 255 240   0 240  17  14 240 255 224
 240 224 240 240  31 240 240  15 240  15 255   0 240   0 241  15   0   0
  17   0 240   0 240   0 255 241   0][224 255 255   0 241  15 255  15 240   1   0  14  15   0   0 255  31 224
   0 239 224 240 255 240  15  15  15 255   0 255   0  16   1   0  14  15
   0  31 255 240 240 255 255 240 240 239 241 239 255 225 239   1 240 240
 255   1 224  14  15   0 255 255 240 240 241 255   0 255 240 254 254  15
  16  16 239 255  16 240   1 255  14 254   0 255 240 240 255 240 224 239
 255 240 241  16   0  17 240 255 240 239 241   1 240  14  15   0 240 224
 240 239 255  16 240 255 255  15 255   0 255   0  30   0  16  15   1   0
  14   0   0   0 240   0 224 240   0][ 31 224 240   0 224  15 240 240 255  15   0 224   0 240   0 255  15 255
  14 238   0 255 255 255   0  30  31 255  15 239 240 240  15  17 224  15
 240 240 240 240 224 240 255 255 240   1 239 240 240  16 240  15 240 240
 240  15  31 224  31 240  15 255 240 255 240 240   0 255  31 255 240   1
   0  15 239 255 240 255  15 255 224 240  31 255 240 224 255 255 224  15
 240 240 255   0  16 255 240 240 240 240 240  15 240 224 239 255 240 240
 241 224 240 241 240 255 239  15 255   0 240   0  31   0 240  15  15  31
 224   1 255  15 255  15  31 240  15][ 31   0 240  15  15   0 240  15  31 240  16 255   0 255   1 240  14 240
  16 224   1 240 240 255  15 224  15 255   0 241  15 224 240   0 255   0
 240  15 255 240 240 241 255   1 255 224 239   0 224   0 240   1 255  15
 240 240 240 255  30 240   0 254 240 255 255 239  31 255 239 241 224  15
  15  15  16 254  15 240 240 255 255 240  31 240 255   1 239 238 239   0
 240 240  14  14  17 255 255 240 240  15 240 240 240 255 255 255 254 240
 255  16 255 255 240 240 239   0 240   0 254  15  16   0  15  15 240 255
 255  15 240  15  31   0  16  31   0][224  15 255  16 224   0 255  15  15  15   0 240   1 240   1 241  31 240
 224  31  15 240 255 240  15  31  15 255   0 255  15 240  15  14 240 238
  31   0 255 240 254 240 240  15 240  15 255  15 240   0 238  15 255  15
 240  15  31 240   1 241   1 239 240 240 240 240 224 239  31 255 224  15
 240  30 224 241  15 240  15 254 240 240 239 241 240  15 239 239 240 224
  31 255   0 224  15 240 254 240 255  15  16  15 255 240 255 255 240 241
 224   0 240 240 255 240  16   0 240   0 255  15  15   1  15  15  15  31
 240  15 254  14  30  15  16  15 225][240  15 254  15 254  15 255  15  17  31  15   0  14 240 238 240 240 255
 224 240 224 255 254 255  15  17   0  30  15 254  15 240  31   0   0 240
  15   0 255 240 255 239 241 239 239   0 240  15 255  15 224   0 240  15
 255  31  15   0   0 255  15 240 241 240 240 240  30 224  15 224  16   0
 255 225 240 240  15 240  31 254   0 255 240 255 255 255 239 224 255 240
  31 240   0  31  16 240 240 238 255  15  15  31 255   0 240 240  15 225
  30  16 241 224 254 240 254   0 240  15 240  14   0   0  15  15  31   0
   0  15 255  16 224   1 240   0 240][255  15 240  15 255   1 240   0 240 255 240   0   0 255  15 224   0 255
 239 255 255 240 224 238  15 240   0  16   0 240   0  16 255  16   0 240
   1  15 255 240 255  31 255  15 239   1  15  15 240   0 255  15 240   0
 240 255  15   0  15 240 224 240 254 240 240 239 238  15 239  15  16   0
  31 239 240 255   0 241 255 255   0 255 240 240 240 240 224  31 240 255
 240 240   0 240 254 241  14  31 255   0   0 255 239   0 240 255  15 255
 255 240 240  15 255 255 240  15 240  15  31   0   0   0   0  15 255  14
   0  15 255  31 255 224 240   0 224][255  15 255  15 240  15 240  16  15 255 254  15   1  31 224 240  15 241
   0 240 240 255  31 239  15 240  31 240   1  31  16   0 255  16  15 239
  15   0 255 239 240  15 255  15 240  31  31 240 255   1 255  15 240  16
 254 255   0  15  15 240  14 255 240 240 255 255 224  15 240  31 238   0
   0 255 240 240  16 255 255 255  15 255 240 255 239  16  31 224 240 254
 255 239   0 240 240 254   0 224 241  16  15 255  15  15 240 240   0 255
 225 255 239 240 255 255 239   1 240  15   0   0  15   0  16  15 255   0
  15  15 240  31 240  31  14  15 239][255  15 240   0 239  15 254  15  15 240  16 240   0  16   1 239 239 255
  15 240  15 255  31 239  14 255  31 240  15  31  15  15 240 255 240  31
  16 224 255  16 240  16 255  30 224   1 255 240 254  15 255  15 241  15
 224 240  15 240   0 240   0 255 240 255 255 255 238 225 241 255 240  15
  16 255 224 255  15 255 240 255 240 240 240 255 241 240 239 255 254 224
 255 225  15 254 240 240  15 255 240  15   0 240   0 240 240 255  31 240
 240 240  17 240 254 255 255  15 241   0  16   0 238  15  15  15 240   0
 240   1 240  15 240 255   0  16 240][255  15 240   0 239  14 241 255  15 224   0 254  16 255   0  31  15 240
   0 241   0 240  16  16  15 240  16 255   0  15 255   0 224 255 254   0
 239 239 255 240 255  15 254 239   1  15 255 255  31   1 240 239 240 255
   0 224  14 254  15 255  16 240 240 255 240 255  15 240 240 240  17   0
  15 240  16 240 255 255 224 255 254 255 240 240 254 240 255 255 240 224
 255 240   0 254 255  16  15 255 255 255  31 224   0 254 255 239  31 224
 239 240 224 240  15 240 255   0 255   0 240  15 255   1 255   0 224  15
 254   0 255  14 255 240  15 255 241][255  15 240   0 240  15 255   0   0  17 224 240   0 240  15  31   0 239
   0 255   0 240  17  31   0 255  15 239  15  15   0   0  17  31 240  15
 241 240 254 255 241  15 255  31 225  31 255  31 240   0 255 224 240   0
   0  17   1 240  15 240 255 255 255 240 239 255  14 240 240 254 225   0
 225 255  31 241   0 255  17 240 240 240 255 254 240 240 240 241 240 240
 255 240   0 239 240  15  31 255 254   0 255  17  15 240 255 224 239  16
 255 240 241 240 224   0 240  15 240  15 240   0 255   0   0   0  17  14
 240  14 255   0 241 240  15 240 240][240  15 255  15 240  15 255   1  31  14  31   0   0 240  15 224   0 224
  15 240   0 240  31 240  15 240   0 255   0 239   1  15  14 240   0   0
 255 224 239  16 240 240 254 239 240 254 240  16 254  15 240  30 240   1
  14  14 224   0 255 255 255 255 255 240   1 240 239 255 224  16  16  16
 224 255  15 255   1 255  14 240   0 255 255 255 240 240 255 255 240 240
 255  31  15  31 240 224 255 240 240   1 240  14  31   0 255  31 225  16
 255  16 255 255 239  15 255  31 240   1  31  15 240   0   1   0  14   0
   0   0 255  15 225 225  15  31 240][240   0  16  14 255 240 255  15   0 224  14 255  15 240   0 240   0  31
  16 240 239 255  17 239  16 255   1 255 240 240  15  31 224 255 255  30
 241 255  31 240 254 240 255   0 238 241 240  30 254   0 240 240 255  15
   0 224  31 241   0 255 254 255 255 240   0 240  15 255 241  15  16  16
  15 255 240 255  15 255 224 255 224 240 240  15 255 239 239 224 254 240
 255  31  16 239 241 255 240 240 240  15 240 224 255 255 240 240 239  15
 240 240 240 240 241   0 240  15 240  15  31  15 240   0  15 224 224   0
 240   0 255  15  17 240  15 240 240][240  31 224  14 240  15 239 240  15 255   1 240  31 240   0 255 239  16
   0 239 255 240  16  31   0 240  15 240  15 254 240   0 255 240 239 255
 255 240 239 240 240  15 240  15  31  16 240  15 240   1 255  15 255 240
  15 255  15 255  15 255 240 255 240 255  17 255 255 255 255   1 240  15
  16 255  15 240 240 255 255 240 224 240 240  15 240 240 240   0 240 224
 224 238  17 255 255 224 255  15 240 240 255 255 255 255 240 255 255  14
 239 255 255 240  15   0 254   0 241  15   1  15  15   0 240 240 255   0
 240   0 224   0  15 240 240 240 240][255  30 241  15 255  15 240  15  15 240   0 255  15 240  16 240   0 224
  16 240 240 255 224 224   0 255   0 239  15 240  15   0 240 240  31  16
 255  16 239 255 240   0 224   0 239  16 240  15 255  15 240  15 255  15
  16 240  15 240  15 239 240 255 255 240 224 239  31 240  15 239 255  15
 240 240  15 240  15 255 240 255  31 240 254   0 240 240 254  15 240 239
  15 240 224 240 255 255 255  15 255  15 240 240 255 255 240 254 240   0
 239  31 240 240  14  15 255   0 255  15   0  15  15  15  15 255 240  15
 255   0  16   0   0  15 255 255 240][255  15 240  15 255  15 239  31 240   0   0 240  31 224  31 240 240 240
 255 255 240 240  30 241  15 255   0  31  15 241  31   0   0 240  16   0
 254  15 241 255 240 239 224   0 240  30 255  15 240  14 255  15 241  31
   0   0   0 255   1 241 254 255 240 240  16 225  15 240  15 224 255  15
 255 254  15 241  31 255   0 240 224 240 255 240 239 240 255 254 239 240
   1 239 224 240 239 255 255  15  31  31 240   0 240 240 240 224  15  16
 240 224 240 240  15   0 241  14 255  15   0   1  15  15  31  16   0  15
 255   0  16 240 240  15 224 240 240][255  15 255  15 255   0  16 255 240   0  15 255 224  31   0 254  15 240
 240 254 224 255  15 240  16 255  15  31   0  31 255  15   0 225  16   0
 240  15 240   1 255   1 224  15  31  15 240  15 238  15 255   0 240 255
   1   0   0 241  16 240 240 239 240 240  15  31   0 255  16  16  14  15
 254 255   0 255 255 255   0 255 224 255 239  30  31 239 255 255 224  15
   0 240 241 241   0 239 255   0  17 255 240   0 240 240  15 239 224 240
 224  16 255 240  15  15 240   0 255  15  15   0   0  15 255   0   0  15
 255  15 240 255 255  31   0 255 240][240   0 239   0 240  16   0 255 239  15   0 239 240 224  15 239 224 255
 255 255   0 254   0 254  16 240   0 239  16  14 255 224  15  16  15  31
 239  15 255   1 254  15 239  31  31  15 255  15  31   0 240  16 225 255
   0  15   0 240  31 255 255 240 255 240  15  31 255 254 224   1  15  15
 240 240  16 255 255 255  15 240 255 255 241   0  30 239 240 255 255  16
   0 240 255 255  15  30 255  16 224 255 240  15 255 240  16 255   0 255
   0 240 255 240 240   0 255   0   0  15 239   0  16   0 255   0  15  15
 240   0 255  16  15  31  31 255 255][240  15  31   0 240  15   0 240  31 240  15 255  14 224  16 240  17 240
   0 255  15 240  15 255  16 255   0 224  15  15 240 255 240 224 224 224
 254  30 240  31 255 239 224   0 239  15 240  15  16 224 240  15   0 240
   0 240   0 255   0 241 240 255  31 254 254 238 255 255  30  15  15 238
 224 254  15 255 240 255 240 255 240 255 240 224 225 255 255  31 255  31
   0 255 240 239  15 254 241  15 240 240  31 240 240 255  17 240  15 240
  15 255 240 240 255  15 255  15  15   0 255   0  15   0 240  15 240  15
 255   0 240 241   0   0 240  17 241][240  15 240   0 254 255   1 224   0 254  16 255   0 224  15 241  15 240
  15 254   0 240   0 224  16  31  14 224 255  14 224 240 254   0 255 254
 255 255 255 224 240  15  16   0 224  31 240  15 255 239 240 255  15 224
  15 254   0 239 240 240 255 255 225 240   0 254 240 255  31  15 238 239
  31 254 255 255 224 240 254 240 255 240 239 255 240 240 241  31 255 224
  15 240 240   0  15 240 240 255 240 224   0 254 240 241  31  31 224 255
 224 255  30 240 240  15 255  14  31  15 240   0 255  15 224  15 254  15
 240   0 255 255   0 255 255  31 240][255   0 240  16 240   0  15  17   0 240  15 255  15  31   0 241   0 240
  15 240  15 255   0 224  15 239  15  31   0  15  17 240 240  15 255 255
 240 239 255   0 240   0 240  15 225 239 240   0 255   0 255   0   0  17
 224 240   0 240 255 255 241 240   0 255  15 255 240 224  15  15  16 240
  16 240   0 255  17 255 240 255 240 255 240 255 240 240 240  31 255 224
  15 255 240  15  16 239 255   0 240  17   0 240 241 240 255   0 240 255
 255 240 239   1 240 224 255   0 255   1 255   0   0   0  17  15 240  15
 255  15 255 240  15 255 240 224 254][255   0 255  15 240   1 224  14  16   0   0 241  15 224  15 239   0 255
  15 255  15 255  15 255   0 255   0 239   1  15  14 255   0  16 240 255
 238  30 255 224 240 240 241 224 240  17 255   0 240   0 255   1   0  14
   0   0 240 240 240 255 240 255   0 240  16 255  31  16  15  15  30 255
  16 255   1 255  14 239   0 240 255 239 240 224 240 254 255 255 255   0
  15 240 240 255 255 239 255   1 255  14 239   0 240 224 240   0 255 240
 240 240 240  15 255 255 240   0  31  14 240   0   1  31  14   0   0   0
 240   0 224 224   0  16 240  31 241][224   0 224 240 255  15   0 224  31 255 239 254   0 239  15 225  15 255
  15 240 224 255   0 240  15 240 240 240  15  31 224 255 255  15 255 240
 224 224 255 255 241  15 225 241 240 239 255  15 255 240 255  15   0 224
   0 240  16 240 240 240 254 255   0 240   0 240  15  15 255  31  16 240
 240 240  15 255 224 240 239 255 255  15 240 255 239 255 240 240 255  31
  16 255 240 225 241 240 240  15 254 224 240 255 240 225  31   0  15  31
 240 240 239  15 240 240 255  15 224   0 240  15  15 240 224  15 240  15
 255  15  16 255  15 255 240  17 224][254  15 239  15 240 240   0 255  17 254  15 255  15 241  16 224   0 241
 240 224 240 254   0 255  15 224  15 240 240   0 255 255 240  15 255  15
 239 240 255  30 255  15 224 240 240  14 255  15 255  15 255 240  14 255
   0 241  15 240 255 240 255 255 240 240 240 240 224  15 255  16 240 254
  15 255 240 255 255 240 224 255 240   0 240 254 239  15 240 240 240 239
  31 255 255 239 255  15 255 240 240 255 255 240 240 240  16  15  31 240
 240 240  15   0 241   0 240   0 224  15  15   0 240 240 255  15 240   1
 240  15  16 255 240 240 240 238  15][240   0 240  15 255  15 240 240  16 255  15 240  31 240   0 239   0 240
 240 239 239 255  15 240   0 224  15 240  15  14 240  31 238 240 240   0
 240 254 240  15 239   0 224 239 240  15 240  15 240  15 255  15  14 240
  15 255   0 240 240 240 240 255 239 225 239 240   0 240 255   0 254 255
  15 240  15 255 240 240  31 240 254  15 240 255 239   0 240 241  15 255
 224 240 240 241 254  15 240  15 240 240 241 241 240 239 239  15 255  30
 255 241  15   0 240   0 255   0   0  15  15   0  15 255 240  15 240  15
  31 240   0 240 240 254 254 255  15][240  15  16  15 255  31 255   0   0 240  16  16  16 240 240 240 240 240
 254 240 240 240  15 241  15  31  15 240  31  30   0 240 225 240 240  15
 255 240 255 225 239   0 224  15 254   0 239   0 241  15  17  31  14   0
  15 255  15 241 255 255 255 255  30 238  15 255   1 255 241  15 240 255
  15 254  31 255   0 255  17 254 240 240 239  30 240 240 240 240   0 240
 224 241 240 255 240  15 240  31 240   0 240 240 255 238  15  16 240  15
 240 254   1   0 255  14 255  15   0   0  15  15  31 240   0  15 255  15
  31 240 240 238   0 241 241 254  15][240   0 239   0  31 255 240   0  17 240 255 224  15 255  31 255 240 254
 255 240 240 255  31 240   0 240   0  15 255 240   0 240 224 255 240  15
 255  15 255   0 224   0 224  15 255  15  16   0 254   0   0 255   0   0
  15 239   0 240 255 239 240 255  15 239  15 255 255 255  15  15 224 254
   0 255 255 255   0 254  31 240 239  15 224  16 255 255 255  31  15 255
 240 255  16 239 240   0 255 255 255   0 255 255 240 224 239 238  16  16
 255 240 240  14 240   0 255   0 240  15   0  15 255  15   0  15 254  15
 224 238 240 254   0 241 240 240   0][ 31   0 240  16  15 255  16  15  15 254 255 224   0 240  15 255 224 240
  16 240 225 255  15 240   1 255  16   1 255 240  15   0 224 239 254  15
 241  15 240  15 224  17 240   0 255  15  17  15 240  16  16 255  15  15
  15 240  31 255 254 239  30 240  15 238 255 240 224 240   0  14  31 255
  16 255 255 255  15 240 239 240 254  15  31 241 240 241 239  31  14 240
 241 241   0  16 255  16 240 255 240  15 240 254 254 239  16 240  15 240
 255 240 255  15 240  15 240   0 254   1  16  15 255   0  15  15 254 239
 255  15 255 224 224 239 240 255   0][ 16  15 239  15   0 240   0 240  15 240   1  31  15 240  16 255   0 254
  15 239  31 238  15  31  15 240  15   1 240  15 240  16 255 240 240 240
 255  15 255 255 224  15 239  15 255  15 224 255 240  15  15 240  15 240
   1 255 239 240 255 255   0 255 239 239 238 240  31 224  15   0 239 255
  15 255 240 240 240 240 240 240 239 239 224 240 254 240 240 224   0 255
 254 225   0 239 240  15 255 240 255 240 240 255 240 239  31 255  15 255
 240 255 239   0 255  15   0  15 255   0  15  15 240  15 240  15 240 239
 255 240  15   0 255   0 255 240  15][240 239 254 255  15 224   1 254  14 255  15  31   0 240  16 255  15 255
  15 239   0  16  15  16   0  16 255  15 224  15 254   0 255 240 240 240
 240 239 240  15  31   0 224   0 255  15 240   0 254 255  15 224  16 254
   0 254 255 255 240 240  16 255 239 240 240 255  17  31  31   1  15 255
 255 255 224 240 254 254 255  16 239 240 239 240 240 224 240  30   0 255
 240  15   0 255 240 255 255 224 240 254 255 255 255  17 255 240 225 255
 238 240  15  15 255  15  14  15 240  15 255   0 224  14 254   0 240   0
 255 255   0 240 240  15 240  16  15][240 239 240   0  16  17  31 240   1 240  14  16  15 239   0 224  16 240
  15 240  14 239  15  16   0   0   0  16  17 255 240   1 240  14 240 224
 255   0 240  16 224  15 224  16 239  15 240   0 240   0   0  17   0 240
  15 255 224 255 224 255   0 240 239 240 240 240   1  15  31  15   1 255
   0 255  17 224 240 240 240   0 225 239 240 239 255  15 255  16  15 255
 254  15  31 239 240   0 240  17 239 240 240 240 255  15 240 240 255 240
 255   0 239 239 255  15 241  14 255   0   0   0  17  15 240   0 240   0
 240 254  15 240 240 224 255   0  15][240  15 254   1  31  14  16   0   1 240   0  31   1 240  14 239   0 254
  15 255  16 240  15 238   0 224   1 239  14 240   0  15 240   0 224  31
 255  15 240 239 240 225 225  16 239   0 240  16 255   1  14  14  15   0
 239 240 255 240 255 255  15 255  16 240 240  17  15 224 240  16  31 255
   1 255  14 254   0 255 240  31 241  15 239 240 240  31 255 239  15 240
 241 240 255 224 240   1 255  14 255   0 255 255 240  15 239 240 240 240
 255   0 240 240 240  16 241   0 240   0   1 240  14   1   0  15 240  15
 224 225  15  16 241  31 240  16  15][239 240 240  15  15 224  15 240   0 240  15 224  16 240  15 255   0 240
  16 255  15 240  15 254 240 239  15 224 224 240 240   0 240   1 224 224
 241 255 255   0 239 224 240 240 240   0 240 240 255  15   0 224   1 254
  31 255 240 241 255 240   0 240 239 255  15 224 255 240 240 224 240 240
  15 255 224 255 240 255 240  15 240 225 224 240 255 255 254 240  15 240
 240 255 240 240 240  15 255 224 254 240 240 240  17  15 224 240 240 241
 239   0 239 240 255  16 240  15 240  15  15 255 224   0 255   1 240  15
  31 239 254 255 241  16  31  16   0][240  15 240 240  16 255  14 255  14 255 224 239  15 255  15 255 240 238
  16 240   0 240   0 239  15 239 240  14 255  31 240 255 255  15 255 255
 240 255 240   0 238 224 255   1 240  15 239  15 255 240   0 255   0 240
  15 240 255 255 239 240  17 240 240 255  14  16 255 240 240 240  15 255
 240 255 255 240 238 240 240  15 255 255  31  17 240 255 255  31  16 240
 240 254 255  15 240 240 240 255 240 255 240 240  16  16 239 239 255 254
  16  15 241 240 254  14 240   0  15  15 240 240 255   1 255  15 255  31
 224 240 255 255 241 224  15 238   0][240  15 240  15 255 240  15 240   0 240 239 240  15 254  16 241 255 224
  15 240  16 240   0 239  15 255  15  15 240 239 241 255 255   1 255 240
 241  16 255   0 224   0 255   0 241   0 255  15  15  15  15 240  15 240
   0 239 255 241 255 255 239 255  31 255  15  31 240  31 254 240  15 240
  15 255 240 255 224 255 255   1 254 240  16   1 240 241 224 240 224 255
 240 255 255  15 255  15 240 240 255 240 254 224 239 238 255 224 255 255
  31  15 241   0 240   0 240  15  15  14  15 240 240  15 255  14 239 240
  16 240  31 255 241 240  15 240   0][224  15  31  31  31   0 238 240   0  17  16 254  15 255 255 255 241 224
  15 240  17 255  15 240  15 224  31 240   0 254 255 240 240  14 254 240
 240 238 240   0 224  15 255  15  30   0 255  15  15  31   0   0  15 240
  15 240 240 240 240 240 224 239  15 255  31 239 255   0 255 255  15 255
  31 255   0 240  31 240 240 224 255  15  17 240 255 240   0  17 224 240
 255 239 240  15 241  31 240   0 255 240 255 224  15 239  16   0 255 255
 240  15 255   0 255  15 255   0  15   0  31 240   0   0 254   1 224 254
 239 254   0 240 240 240  15 224   0][224   0  31 255  15   0 254 255 240 239   0 255 224 255 255 255 240 240
  15 240  15 255   0 240   0  14 255   0   0 240 239 240 255   1 240   1
 241   0 239  14 241   0 240  14  16   0 240   0  15 255  31   0   0  17
  15 240 240 255 255 240  15 224   0 255 240 240  15  15  31 255   0 241
 255 255   0 224 224 240 240   0 254  15 240 239 255 240   0 240 240 255
 240  31 240   0 240 255 240   0 255 254 240 224 224 238  17   0 255 255
 241   0 240  15 240  15 255  15   0   0 255 240   0   0 255  15 240 255
 240 240   0 240 255 240   0  31   1][239  16   0 255  16  15  16 255 240 240   0 255   0 255  15 255 255 255
  15 240  15  15  15 239  16  15 255 239  15  15 240 224 240  31 240  14
 255  16 239  31 255   0 240   0  31 240 240  16  30 255  16  15  15 224
  15 255 240 239  15 255 238 239 239 255  15 255  15   0  16 240  16 255
 255 254  15 224 240  31 254   0 240 255 255 255 240  31  15  15 240 240
  16 224 255  16 241 255 255  15 255 255 240 224 240 240 239 254 240 255
 241  15 240  15 255  15 240   0  16   0 255  15  15   0 240  15 240 255
 240 241  15 240 240 255  15  16   0][224  15  15 240  15 240  16 255   0 240   0 241   1 255   0 240  15 254
   0 224  17   0   0 239  15   0 240   0 240   0 255  15 255 241 240  15
 240 240 238   0 225  16 240  15 240  31 240  15  15 240 239 240   0 241
 239 255 240 254  15 255 239 240 240 240  15 239   0  15 224 255  15 255
 240 240 240 224 240  15 240 241 239 255 255 240 240 239   0  15 255 255
  15 224 241  15 255 240 255 240 241 240 255 224 239 240  15 240 240 255
  31  15 255   0 240  15 239  15  15  15 240   0 240   0 255  15 255 240
  15 239 255  15 255 240  15  16  15][255 255  31 224   0 254  15 240  14 240   1 239   0 241  16 241  16 238
   0 239  15  16  15  31 255 240 224  15 254  14 241  31 255 240 240  15
 240   0 224  15  14  16 240   0 255  15 240 255   0 224  16 254  15 255
  17 240  31 255 240 241 240 239 239 241  16 240  15  15  16 240 255 255
 224 240 254 240 255  14 239 255 224 240 240 224 240  15   0 255 240 255
  15 224 240 255 240 224 240 254 240 255 255  31 254 240 255 240 255 240
  15   0 225   0 224  15 240  15 255   0 224  14 254  15 240   0 240 254
  15  31 255  15 240   0   0 240  15][240   0  16  17   0 240   0 241   0 224  15 239  15 240  15 241  15 240
  30 254   0  31  15  15   0  31  17  16 240 224 255   0 240  31 241   0
 255 240 224  14  16   0  17   0 240  16 241   0   0  17  16 240  15 255
  15 241 255 240  15 240 240 255 239 240   0 254 239  15   0 255   0 255
  17 255 240 254 240  17 239 240  31  14 255  15 240  16  15 255 240 240
  16 224 241   0 240  17 255 240 240 255 255  16 255 255   0 254 255   0
  15  31 225   0 240  31 255  15   0  15  17   0 240  15 240   0 240  31
   0 239 240 239 255   0   0 240  15][255   1  15  14  15   0  14 240   0 224  15 239  15 239   0 239  14 239
  31 240   0 239  15 239   1  15  14  31   0 239 240  15 239  15 255   0
 255  16  31  16 224  16  16  15 240  16 240   1  15  14 239   0 224 255
 255 255 240 254  15 255 254 255 224  31 255 254 255   0  14 240   1 255
  14 240   0 255 240 239 240  15  31  15 255  17 255 255  15  16 255 255
 239  31 255   1 241  14 240   0 240 240 255  31 240 241  16 255 255  14
 255 240 240  16 240  31 225   0   1 239  14  15   0  15 240   0 238 239
  16 239 240  16 255  16  15 255  15][240  15  16 224 224 240   0 255  15 239 239 224  15 240 225 238  16 224
  15 255  15 254 240 240  15 224 224 239 254 255 254  15 224   0 254 240
 255   0  31  31 241 239 224   0 255 240 254  15   0 224  31 240  15 240
 255 255  16 254   0 255 255 255   0 239 255 240 255   0 240 254  15 255
 224 255 240 241 240 239 241  16  31 224 255 239 240 240  15   0 255 240
 255 240 255  15 255 224 255 240 255 240  16  31 240 240 255 255 255  15
 224 240 255  31 239   1 240   0  15 255 224   0 255   0 255  14  31 240
 241 225 254 240  31 239  14 224  14][241 240 255 255  31 255  16 240 224 239  15 254  15 255 240 239  15 224
   0 240   0 240  15  15 240  15 255 225 241 239 240  14 240 239 240 240
 255   1 239  14 240  15  31   0 224  15 255 240   0 255  15 255  15 255
 255 240  31 255  15 255 239 240  15  31  16 240 254 241  15 240 240 255
 255 255 239 255 255  15 240 254  31  31 255 224 240 240  15 255 255 255
 255  15 255 240 255 255 254 240 255 254  31 224 255 241 240 255 239  15
 240 240 255  15 255  15  15   0 240 255 255  15 240   1 254  15  31 255
 255 255 255 255   0 255   0   0  15][255  15 240 240  16 240  15 240 255 240  30 255  31 240 255 255 239 239
  15 240   0 255  15  31  15 224 240 240 255  31 240  15 240 254 239  16
 255  15 224   0 255   0  16   0 240  15  15  15  15 240  15 255   1 240
 255 240 254 241  30 255  16 255  15  31 255 240 255 255  15 241  15 255
 240 239 238 240 241   0 240 238 224 224 255 224 255 240  31 240 240 255
 255  15 241  15 255 240 240 241 255 239 224 239 240 255 240 255 239   0
 255  14 255   1 255   0  15   0  15 240 240   0 255  15 254 254  31 240
   1 240 240 255  14 255  15   0  15][ 31  31  15   0 239 240  15 224 225 240  16 241  31 255 224 240 224 239
  14 240   0 240  15 224  31   0   0 255 240 240 255   0 240 255 241 255
 240   0 240   1 255   1 239   0 255  15  15  31  31   0  16 224  16 240
 240 240 255 255 224 240   0 255 241 224 239 255 240 255  15 255  31 255
   0   0 225   0 255  30 255   0  31   1 255 241  15  15 224 254 241  16
 240  15 254  31 255   0 240 255 240 224 224 240  15 224 240 255 240  15
 255  15 240  15 240   0  15   0  31 255   0   0 255  15 255  16  31 240
   0 255 240 238   0 240  15 240  15][ 31 255  16   0 240 240 255 240   0 240   0 240 240 241 240 254  15 224
  15 255   0 240   0 224 255   1   0 255 255  15 240   1 240  14 255   1
 240   0 255  15 255   0 255 241 240   0   0 255  16   0  15   1  16 240
 254 255 239 255  31 255  16 240 239 255   0  15 224 255   0 255 255 240
   0   0 239  14 255  15 240  31 224 255 255 255   0 239 239 255 255 225
 240   0 240 255 241   0 240 240 255  31  31 240  15   0 240 255 255  15
 241   0 240   0 255   0   0  15 255 255   0  15 240  15 240 224 255 255
  15 240 255 239  15 255   1 240   0][  0 255  15  15 255 240  16 255   0 240  31 240  15 240 255 240  14 239
 224 239  14  31  16 239 255  16  15  31 240   0 255  31 240   0 255 239
 239  16 255  16 255  15 240 240 240  16  16 255   0  15  14  16 238 255
 240 255 224 240 254 224  15 255   0 240  16   1  15 255  16 241 255 255
  15  15 255  14 240 239 255 255 255 254 240 241  15 238 255 255 224 240
 240  16 240 255 240  15 255 254 240  31 240 240  15  16 240 255 224  15
 240  15 255  15 239  15  16  15 255 240  15   0 255  15 240 241 240 240
  15 240 240 255   0 240   0 255  15][  0 240   1 240  31 254   0 255  15 240  14 240  16 240 224 255  15 241
  31 239  15  16  15 255 240   0 240  16 240  15 254 255 255  15 255 239
 224  15  31 240 255  14 241  15 240  15  15 240  16 240 238 239 240 241
  15 240 240 240 238 224 240 255  15 239  15  15  16 241  15 255 240 255
 240  15 240  15 255 255 255 255 255 255 255 239   0  15 254 240  31  31
 255  15 255 240 255 240 255 240 255  31  31 255  31 255  16 240  31  14
 241  15 255   0  30   0  15   0 240  15 240  15 241   0 255 255  15 255
 240 240 241 240  15 240   0 255  15][239 224   0 254   0 255  15 240  15 239  15 240  15 240  15 240   0 240
  16 240  15 224 255  16 224  15 254  14 240 224 255 239 255  15 240  16
 239  15  15 240 255   0 240   0 240 255   0 224  15 254 224 240 239 255
 240 255 240 240  31 224 240 254   0 255  14  14 239 255 255 255 224 255
 254  17 240   1 255 255 255  16 240 239 241 239  14  31 255 254  17  16
 255 255 255 224 240 254 255 255 255  16 238 240 239 240 224 240   1   0
 240   0 240  16 239  15 255   0 224  15 254   0 255   0 240  16   0 254
 240 255 254 255   0 240  15 240  15]